# 2025年10月22日 星期三 13时58分42秒

# input dimensionality
5

# covariance function
CovSum(CovSEard, CovNoise)

# log-hyperparameter
0.8068923943 1.192816453 -0.009749572218 0.1741700382 0.1687796636 -0.8546067837 -6.928729329 

# data (target value in first column)
0.1377799542 1.725334642 1.37496113 0.1232251437 0.25 0.5 
-0.3118062643 1.713664857 1.055312783 -0.310195437 0.5 0.3 
-0.0002031556118 2.195353211 0.003956740683 -0.00016051537 0.5 0.5 
-0.2993706508 1.922154844 -0.4707962103 -0.2939959213 0.5 0.25 
0.3165617877 1.907635064 0.3012625225 0.3105334755 0.25 0.5 
0.6042379608 0.2993573531 -1.126321281 0.6077657662 0.2 0.5 
-0.1236178176 1.707447615 -1.393483937 -0.1070206757 0.5 0.25 
-0.3193926425 1.631854965 1.275106019 -0.318067025 0.5 0.3 
0.3662641199 0.8507597892 -2.353093708 0.3661958494 0.3 0.5 
-0.7964083249 0.0358634694 0.4598002473 -0.7952524764 0.5 -0.4 
0.0001913222603 2.263091272 -0.006495794923 0.0003065430341 0.5 0.5 
0.6800710412 0.1748312998 -1.002146887 0.6809050273 -0.2 0.5 
0.1503458326 1.476987724 -1.553151236 0.1757387696 0.4614 0.2876 
0.6513525171 0.2319666012 -1.019019187 0.6513066872 -0.1 0.5 
0.3667933269 0.8748177776 -2.373046629 0.3668546114 0.3 0.5 
0.245959921 0.8931180833 -2.361995313 0.2721935288 0.5 0.3 
-0.002612220079 2.252178426 0.008772291491 -0.002629526521 0.5 0.5 
-0.361848945 1.746813919 0.4539334731 -0.3584823294 0.5 0.25 
0.35987526 1.07384826 -2.217229371 0.3598473067 0.3 0.5 
-0.0568750676 1.829006729 -2.091871254 -0.04423354172 0.5 0.3 
-0.3664703952 0.8404201089 2.380950205 -0.3663342225 0.5 0.3 
0.3636039925 0.906249601 -2.374964921 0.363442349 0.3 0.5 
-0.3684303348 0.8529735373 2.357127613 -0.3684468283 0.5 0.3 
0.3371258513 1.868900488 0.05268086261 0.3322172888 0.25 0.5 
6.535699713e-05 -0.4847557262 0.0002277543521 7.808047035e-05 -0.4 -0.4 
-0.6251130339 0.1424711647 0.8537450121 -0.6245496243 0.5 0 
0.0009696267849 0.7812529252 0.005073734318 0.0007144184171 0.5 0.5 
-0.328104453 1.534850155 1.502623524 -0.3270561124 0.5 0.3 
0.1696631134 1.779609076 -2.302810689 0.169723048 0.4 0.5 
0.3662906178 0.8548743255 -2.34992021 0.3662372941 0.3 0.5 
0.8395933609 0.2501567653 -1.099417998 0.8358452758 -0.5 0.5 
-0.8743847493 0.01968931423 0.275707618 -0.8740212878 0.5 -0.5 
-0.1401788518 1.734593993 -1.362509359 -0.1245810587 0.5 0.25 
-0.0001487252855 0.2494894858 -0.002984228187 -0.0004143468347 0.5 0.5 
0.6381610711 0.22571978 -1.020192372 0.6390404911 0.1 0.5 
0.3628575877 1.005401686 -2.20014514 0.3629240217 0.3 0.5 
-0.6529659867 0.1972997069 0.9707748354 -0.652327889 0.5 -0.2 
0.3663419725 0.8528462264 -2.348018668 0.366287708 0.3 0.5 
0.0002807766688 -1.0298835 0.007107794431 0.0003439856736 -0.4 -0.4 
0.3590095551 1.097598258 -2.203602002 0.3589653727 0.3 0.5 
0.1702438491 1.785136646 -2.295483146 0.1703957226 0.4 0.5 
0.0002807766688 -1.0298835 0.007107794431 0.0003439856736 -0.4 -0.4 
0.6484047596 0.2024062859 -1.024846152 0.6482007582 0 0.5 
-0.791773012 -0.01152339888 0.4993487301 -0.7907697942 0.5 -0.4 
-0.2364792744 1.860489599 -0.6561279067 -0.228040566 0.5 0.25 
-0.6635735146 0.1794529916 0.9608966957 -0.6632827958 0.5 -0.2 
-0.7831420585 -0.01487050552 0.5664567823 -0.7818639863 0.5 -0.4 
0.3627302239 1.000570459 -2.294094902 0.3627592308 0.3 0.5 
-0.3664703952 0.8404201089 2.380950205 -0.3663342225 0.5 0.3 
-0.6493321292 0.202027355 1.088397703 -0.6490882465 0.5 -0.1 
-0.3668387522 0.8569787084 2.348161777 -0.3668213941 0.5 0.3 
0.6524156829 0.251488156 -0.9939588113 0.652499062 -0.1 0.5 
-0.7964083249 0.0358634694 0.4598002473 -0.7952524764 0.5 -0.4 
0.2476589069 1.324317007 -2.353573751 0.2516246298 0.4 0.5 
-0.1525134891 1.47404705 1.548273465 -0.1800340122 0.2856 0.4638 
-0.4853584936 1.35340425 1.109822794 -0.4822132181 0.5 0.2 
0.3668115598 0.8502782265 -2.374059533 0.3668000154 0.3 0.5 
-0.6508201719 0.1560244702 1.056381965 -0.6506716197 0.5 -0.1 
0.3403784993 1.861983595 -0.02582109229 0.335596751 0.25 0.5 
-0.2424116382 1.952897993 -1.464489336 -0.2269712314 0.5 0.2 
-0.3671725422 0.8577387623 2.348295912 -0.3671672904 0.5 0.3 
0.126220687 1.712955325 1.39287204 0.111224723 0.25 0.5 
0.1696267831 1.779875672 -2.310888158 0.1696889672 0.4 0.5 
-0.6493321292 0.202027355 1.088397703 -0.6490882465 0.5 -0.1 
0.3662641199 0.8507597892 -2.353093708 0.3661958494 0.3 0.5 
0.05281691131 1.619537474 1.491133909 0.03406671873 0.25 0.5 
0.6527996519 0.2508538891 -0.9765659571 0.6529991401 -0.1 0.5 
0.5962728457 1.60365697 1.009310429 0.5821300494 -0.5 0.5 
0.0006020669538 1.964897597 -0.001388579734 0.0006076843631 0.5 0.5 
0.3658866324 0.854935866 -2.34867285 0.3657929978 0.3 0.5 
0.6076314313 1.606234917 0.9294695054 0.5941042709 -0.5 0.5 
-0.6233073627 0.02645955864 0.8900948223 -0.6232716864 0.5 0.1 
0.3658869919 0.8552306767 -2.349362268 0.3657942641 0.3 0.5 
-0.5984763697 0.03928295117 1.679583583 -0.595398227 0.5 0.1 
-0.04536136359 1.511491727 1.570465141 -0.0708785965 0.25 0.5 
0.8433076487 -0.2693470287 -0.9217485259 0.8446259055 -0.4 0.5 
0.1775074669 1.726154314 -2.374533294 0.1779197828 0.4 0.5 
-0.7048800201 0.05985603283 0.8506888224 -0.7039132174 0.5 -0.3 
-0.7396519319 0.07265099709 0.7039422097 -0.736004512 0.5 -0.4 
0.0005039863061 -1.0163783 -0.00118754475 0.0003113106731 -0.4 -0.4 
-0.6508573646 0.1545704895 1.05397121 -0.6507143279 0.5 -0.1 
0.5962728457 1.60365697 1.009310429 0.5821300494 -0.5 0.5 
0.3664100438 0.8588098585 -2.339197464 0.366380243 0.3 0.5 
0.1738376785 1.748184199 -2.363359113 0.1740770818 0.4 0.5 
0.0006020669538 1.964897597 -0.001388579734 0.0006076843631 0.5 0.5 
-0.1402841591 1.729407614 -1.355798535 -0.1246798898 0.5 0.25 
0.3065737432 1.914314243 0.4196564395 0.3000148929 0.25 0.5 
-0.6338780209 0.2631575395 0.8581174866 -0.6334125417 0.5 0 
0.2401782407 1.361344621 -2.35840926 0.2436732315 0.4 0.5 
-0.6517716622 0.1504092559 1.01442539 -0.6517248338 0.5 -0.1 
-0.3565892689 1.092341567 2.226798439 -0.3561714809 0.5 0.3 
-0.367718352 0.8567135417 2.347288594 -0.3677378811 0.5 0.3 
-0.3679514578 0.844925759 2.361602093 -0.3679369178 0.5 0.3 
0.00464388968 2.247483115 0.01187992744 0.001057285705 0.4566 0.5 
0.3664509598 0.8608525895 -2.348072815 0.366431454 0.3 0.5 
-0.6234149531 0.004240621714 0.9021467855 -0.623403187 0.5 0.1 
0.3636368254 0.9770725967 -2.301861509 0.3636829108 0.3 0.5 
0.3271558868 1.891807713 0.161583953 0.321698513 0.25 0.5 
-0.3508750778 1.835739133 0.1370123412 -0.3471191625 0.5 0.25 
-0.3683728543 0.8583174526 2.373097423 -0.3683338719 0.5 0.3 
